      -0.120340839873467E+03       0.378533328824411E+02
      -0.121665219928380E+03       0.381692852818694E+02
      -0.121782362662585E+03       0.380667758508540E+02
      -0.121902765892076E+03       0.380729095504444E+02
      -0.121984548898952E+03       0.381395004704755E+02
      -0.122232243019261E+03       0.380710797919834E+02
      -0.122273001701246E+03       0.381594183914711E+02
      -0.122315759126632E+03       0.382059335777619E+02
      -0.122338907365688E+03       0.381935818915881E+02
      -0.122285354126349E+03       0.381593115761927E+02
      -0.122272771919253E+03       0.380974845590887E+02
      -0.122398463944831E+03       0.381613370670847E+02
      -0.122429202750633E+03       0.381138071956154E+02
      -0.122488935224967E+03       0.381134142797201E+02
      -0.122528648754527E+03       0.381506715634320E+02
      -0.122474544986516E+03       0.380854571240266E+02
      -0.122506450380808E+03       0.380186521772629E+02
      -0.122441781116525E+03       0.379829552338725E+02
      -0.122490022339876E+03       0.379317675511749E+02
      -0.122458259449050E+03       0.378342211915867E+02
      -0.122515725410422E+03       0.378221063020498E+02
      -0.122666392804265E+03       0.379069197438526E+02
      -0.122691723723162E+03       0.378943926671810E+02
      -0.122822193338167E+03       0.380076725285282E+02
      -0.122921180931798E+03       0.380306229406578E+02
      -0.122956597666482E+03       0.379907574780998E+02
      -0.123010730200117E+03       0.379944662024876E+02
      -0.122939271912039E+03       0.381532649535683E+02
      -0.122994649084682E+03       0.382972271999883E+02
      -0.123048796644867E+03       0.382941413773410E+02
      -0.123121544682433E+03       0.384335999361908E+02
      -0.123297941065635E+03       0.385473335471062E+02
      -0.123523886601491E+03       0.387576593190168E+02
      -0.123721901388934E+03       0.389247712251134E+02
      -0.123683447583360E+03       0.390418059048776E+02
      -0.123813718039793E+03       0.393478064499639E+02
      -0.123754651576417E+03       0.395518792569807E+02
      -0.123783531916535E+03       0.396871084901522E+02
      -0.123838108417090E+03       0.398263968822168E+02
      -0.124007638557042E+03       0.399985808401758E+02
      -0.124094560484712E+03       0.401003777878568E+02
      -0.124345306272670E+03       0.402524300107045E+02
      -0.124336106834157E+03       0.403275549107377E+02
      -0.124392637845150E+03       0.404352369107749E+02
      -0.124109446186314E+03       0.409782109511907E+02
      -0.124149703258267E+03       0.411288322470152E+02
      -0.124071602469809E+03       0.413138325813281E+02
      -0.124057954769171E+03       0.414581641678281E+02
      -0.124144210356407E+03       0.417271932569777E+02
      -0.124243098913848E+03       0.417767571816414E+02
      -0.124207500961935E+03       0.418483274144433E+02
      -0.124206444444404E+03       0.419976479131656E+02
-125	42
-125	32
-114	32
-114	42
-125	42
      -0.124206444444404E+03       0.419976479131656E+02
      -0.123819146438568E+03       0.419929487728793E+02
      -0.123513204633148E+03       0.419978329178357E+02
      -0.123222102653242E+03       0.420021917751363E+02
      -0.122284705082491E+03       0.420007645525751E+02
      -0.121441508911406E+03       0.419943345308753E+02
      -0.120871908519109E+03       0.419876721779537E+02
      -0.119993459369715E+03       0.419892049531992E+02
      -0.119996324660047E+03       0.411775662656441E+02
      -0.119996165311172E+03       0.397206108077274E+02
      -0.119996011479298E+03       0.394435009764510E+02
      -0.119995304181493E+03       0.393115454332125E+02
      -0.119995527335641E+03       0.391587132866354E+02
      -0.119994541258334E+03       0.391061318056706E+02
      -0.119995150114198E+03       0.390634913594690E+02
      -0.119995254694357E+03       0.389941061536376E+02
      -0.119889341639400E+03       0.389222515603984E+02
      -0.119575687062955E+03       0.387029101298903E+02
      -0.119318825070203E+03       0.385271086243913E+02
      -0.119152450421001E+03       0.384118009590513E+02
      -0.118417419755966E+03       0.378866767486210E+02
      -0.117838686423167E+03       0.374572982397149E+02
      -0.117160423771838E+03       0.369595941441766E+02
      -0.115885769343921E+03       0.360012259572722E+02
      -0.115626197382816E+03       0.357956983148418E+02
      -0.114621068606189E+03       0.349989144286133E+02
      -0.114632276529502E+03       0.349976517256292E+02
      -0.114621007388662E+03       0.349436098418844E+02
      -0.114630475658748E+03       0.349195012881626E+02
      -0.114627263440015E+03       0.348755338147028E+02
      -0.114570216833129E+03       0.348318604389449E+02
      -0.114542040692552E+03       0.347599586200401E+02
      -0.114525553173554E+03       0.347489115709666E+02
      -0.114497804378448E+03       0.347447576444720E+02
      -0.114465637688895E+03       0.347098730189755E+02
      -0.114422270356442E+03       0.346108950917792E+02
      -0.114434302240724E+03       0.345989628909914E+02
      -0.114409742349408E+03       0.345837235617841E+02
      -0.114376827822772E+03       0.345365634767276E+02
      -0.114383862031770E+03       0.344770856153635E+02
      -0.114376506947621E+03       0.344596793685379E+02
      -0.114332636412337E+03       0.344548730796034E+02
      -0.114302865366738E+03       0.344357541377741E+02
      -0.114283394304634E+03       0.344120690064366E+02
      -0.114257842521563E+03       0.344054888215522E+02
      -0.114182079822361E+03       0.343652063649643E+02
      -0.114153414997679E+03       0.343364477645527E+02
      -0.114134127057818E+03       0.343145478754142E+02
      -0.114125230507624E+03       0.342726209662778E+02
      -0.114149912368725E+03       0.342669789901846E+02
      -0.114235775821971E+03       0.341862227475521E+02
      -0.114285368523229E+03       0.341712309584447E+02
      -0.114322799430739E+03       0.341412972664816E+02
      -0.114410166357368E+03       0.341026543641334E+02
      -0.114424029195647E+03       0.340783320579769E+02
      -0.114428980324296E+03       0.340298439872115E+02
      -0.114518208552815E+03       0.339650630904256E+02
      -0.114525632127364E+03       0.339524137553973E+02
      -0.114498188091850E+03       0.339250362568460E+02
      -0.114520962184241E+03       0.338629263802443E+02
      -0.114511722548733E+03       0.338419650157800E+02
      -0.114521122162519E+03       0.338260312846707E+02
      -0.114504557871757E+03       0.337717148133963E+02
      -0.114510287510185E+03       0.337432004976418E+02
      -0.114495676447040E+03       0.337083694276890E+02
      -0.114536433559350E+03       0.336827352282095E+02
      -0.114525263594507E+03       0.336655047006994E+02
      -0.114527170510583E+03       0.336221365140121E+02
      -0.114540247206110E+03       0.335805077718081E+02
      -0.114529420546620E+03       0.335600729749772E+02
      -0.114587061706240E+03       0.335094455578288E+02
      -0.114598086338819E+03       0.334861269505736E+02
      -0.114621089578986E+03       0.334685989080523E+02
      -0.114630573116436E+03       0.334394249456214E+02
      -0.114645092242143E+03       0.334191160810556E+02
      -0.114724936284952E+03       0.334110596377436E+02
      -0.114703603782165E+03       0.333524180309387E+02
      -0.114735426988668E+03       0.333057084351637E+02
      -0.114677693392037E+03       0.332680165177413E+02
      -0.114687711074888E+03       0.332392582971895E+02
      -0.114680050859029E+03       0.332245949425206E+02
      -0.114678120399612E+03       0.331672499413879E+02
      -0.114709463019649E+03       0.331223749350380E+02
      -0.114711355133911E+03       0.330953827798915E+02
      -0.114663951695926E+03       0.330389226888334E+02
      -0.114645159759737E+03       0.330444118730784E+02
      -0.114633966945552E+03       0.330335669165654E+02
      -0.114609925720105E+03       0.330270019226895E+02
      -0.114559089057602E+03       0.330367824791580E+02
      -0.114520627661734E+03       0.330277074359678E+02
      -0.114468387197890E+03       0.329777894659032E+02
      -0.114476443984447E+03       0.329359088466692E+02
      -0.114461436322021E+03       0.328454225112401E+02
      -0.114526219492020E+03       0.328099123509472E+02
      -0.114535077445153E+03       0.327880470474354E+02
      -0.114530095237266E+03       0.327714115230303E+02
      -0.114543187695964E+03       0.327712322843312E+02
      -0.114543004547133E+03       0.327607497409074E+02
      -0.114561582708233E+03       0.327607536245719E+02
      -0.114560751027253E+03       0.327489359768297E+02
      -0.114572210733513E+03       0.327488292120028E+02
      -0.114571958909536E+03       0.327374388920444E+02
      -0.114603522692176E+03       0.327358864782619E+02
      -0.114603942285241E+03       0.327262851953269E+02
      -0.114694040667724E+03       0.327414255804573E+02
      -0.114712695098447E+03       0.327350133484495E+02
      -0.114722048985451E+03       0.327208574919907E+02
      -0.116106973546310E+03       0.326194706970554E+02
      -0.117128098104758E+03       0.325357813439163E+02
      -0.117199812068273E+03       0.327184424173816E+02
      -0.117120606603881E+03       0.326028724058295E+02
      -0.117124529296561E+03       0.326789314826057E+02
      -0.117198774659986E+03       0.327389343989236E+02
      -0.117248206872978E+03       0.326800939783651E+02
      -0.117285325399413E+03       0.328512204969457E+02
      -0.117254867897998E+03       0.328881728454755E+02
      -0.117328439405751E+03       0.331114819922089E+02
      -0.117410144185265E+03       0.332340894690021E+02
      -0.117597331325999E+03       0.333945339357493E+02
      -0.118106717457478E+03       0.337475645995891E+02
      -0.118246616191662E+03       0.337739249856028E+02
      -0.118286892271712E+03       0.337039074388935E+02
      -0.118405088972560E+03       0.337384507232421E+02
      -0.118428954478820E+03       0.337754482405051E+02
      -0.118388175257182E+03       0.338123248533334E+02
      -0.118412110377564E+03       0.338829675753282E+02
      -0.118541854436649E+03       0.340372517785732E+02
      -0.118788115084851E+03       0.340182570853963E+02
      -0.118939360079521E+03       0.340400813176585E+02
      -0.119216334529765E+03       0.341463406491736E+02
      -0.119266767436277E+03       0.342380982663749E+02
      -0.119483009812349E+03       0.343748618900045E+02
      -0.119606293589682E+03       0.344164349217076E+02
      -0.119869433245661E+03       0.344047962846548E+02
      -0.120011495395442E+03       0.344616616229627E+02
      -0.120140162829175E+03       0.344719023559641E+02
      -0.120456202683517E+03       0.344424994539303E+02
      -0.120509405994936E+03       0.345213738679268E+02
      -0.120641293029190E+03       0.345723378041175E+02
      -0.120601627028389E+03       0.347040225521134E+02
      -0.120631673131148E+03       0.347599067933633E+02
      -0.120608158850435E+03       0.348556158401941E+02
      -0.120665946557296E+03       0.349038095267432E+02
      -0.120644339564707E+03       0.349726369054250E+02
      -0.120616765261560E+03       0.350748165782334E+02
      -0.120638410219944E+03       0.351400283496436E+02
      -0.120861341970335E+03       0.352092537379629E+02
      -0.120883597597517E+03       0.352594053844310E+02
      -0.120849996140741E+03       0.353645371829490E+02
      -0.120875212388976E+03       0.354277651422731E+02
      -0.120991948024433E+03       0.354565810726726E+02
      -0.121146559303764E+03       0.356293227396273E+02
      -0.121270261538467E+03       0.356635357486702E+02
      -0.121329080662264E+03       0.358010340350228E+02
      -0.121445541577549E+03       0.358798505213909E+02
      -0.121689811557385E+03       0.361811341987533E+02
      -0.121882277424869E+03       0.363069435009766E+02
      -0.121955283154531E+03       0.365827736715462E+02
      -0.121911420522825E+03       0.366404278449564E+02
      -0.121867381727768E+03       0.366077136052856E+02
      -0.121808564715975E+03       0.366482211428704E+02
      -0.121761391229107E+03       0.368189902052639E+02
      -0.121791711902502E+03       0.368503269997121E+02
      -0.121883536569103E+03       0.369620979743937E+02
      -0.122061331831373E+03       0.369475067701217E+02
      -0.122173442725658E+03       0.370008694149250E+02
      -0.122274633709650E+03       0.371067818898449E+02
      -0.122414637835197E+03       0.372391263954339E+02
      -0.122389253147094E+03       0.373524127678880E+02
      -0.122441463098499E+03       0.374794824747711E+02
      -0.122505682180351E+03       0.375229048519338E+02
      -0.122498207824387E+03       0.377002541028674E+02
      -0.122498214530806E+03       0.377829421062426E+02
      -0.122400931117592E+03       0.378086250993121E+02
      -0.122346471626615E+03       0.377252228818510E+02
      -0.122366331359286E+03       0.377024501185469E+02
      -0.122359671258087E+03       0.376097867642997E+02
      -0.122089307824900E+03       0.374525414662326E+02
      -0.121975337115714E+03       0.374607202053584E+02
      -0.122093023678359E+03       0.374973135318613E+02
      -0.122199732511343E+03       0.377352008896292E+02
      -0.122312413626844E+03       0.377784626912758E+02
      -0.122307553740948E+03       0.378917635584725E+02
      -0.122371497008527E+03       0.379093451727425E+02
      -0.122379683867535E+03       0.379734454214081E+02
      -0.122295522196840E+03       0.380147955029917E+02
      -0.122000623250510E+03       0.380571514373297E+02
      -0.121698956097770E+03       0.380234959134250E+02
      -0.121657749868484E+03       0.380861008670846E+02
      -0.121576884968613E+03       0.380941384853348E+02
      -0.121569545177230E+03       0.380636676710543E+02
      -0.121547473074280E+03       0.380634732081726E+02
      -0.121572833853060E+03       0.381137988310232E+02
      -0.121554149383557E+03       0.381373615489176E+02
      -0.121659581042989E+03       0.380964650614978E+02
      -0.121665219928380E+03       0.381692852818694E+02
      -0.120340839873467E+03       0.378533328824411E+02
